15060
30692
6240
40598
36815
32310
26431
58302
42548
27752
57739
26839
45208
10247
10555
41366
37480
34734
46386
40957
37361
55035
21377
41331
7157
30454
23148
42412
54706
4749
59908
30676
1378
33076
39061
2158
36457
42930
41285
9534
34649
33266
19556
33344
56360
28150
39536
33662
29114
29304
28626
23005
38946
52785
20191
40650
49696
8114
3058
50619
54412
49118
34502
47050
33818
54140
24035
46854
37514
46350
59482
30456
16653
11980
33045
23741
10813
18620
35892
35491
44293
33506
33024
26662
37202
46351
36401
11277
17009
28737
21938
38319
6211
58722
39318
43580
42690
59164
40161
42837
45674
26733
18507
28902
17610
37016
54286
25527
54878
16076
38676
35948
37555
40060
38940
53406
3307
41642
7333
42778
47828
26519
52074
36638
51041
33901
25759
52820
33974
3162
13426
20314
43239
36316
37605
10242
24715
58280
59506
42750
51683
30902
4387
39670
54810
6112
50740
29683
13369
46559
39680
5921
41998
16422
49454
35889
24899
34160
45582
59656
54290
26629
33435
50165
46885
31179
9537
50015
55041
56717
41065
52230
38711
56348
30185
33760
5841
53713
27397
52283
7856
43381
43374
34591
58340
53398
56351
32820
53886
50048
4376
11768
51976
20674
27338
54688
56773
50172
46052
51577
50164
51720
40414
46803
26513
5279
33478
6803
44812
36726
26137
39894
23964
54984
18773
58620
48526
27580
58464
44641
57884
23270
54458
59406
55222
28594
51794
10176
55824
42594
1130
18860
54201
48829
33814
4257
38477
20121
20603
7302
50514
23167
37986
49452
38021
45529
36148
29909
47986
49372
18522
25476
15391
13972
45723
31556
27588
23460
28542
30384
46443
52632
31927
52004
38307
59615
21903
50751
37225
9780
12185
3452
43012
35881
9110
32240
23929
9312
38707
29025
16530
8279
14964
57206
10659
8623
59224
38560
39732
42291
57614
32588
15840
26832
25157
47381
45055
34650
31938
55580
26746
37694
49726
51963
50784
50570
12576
34706
21423
35504
56777
57096
26875
39266
41702
38746
38095
46259
35060
15268
27962
15390
5318
40074
30204
58956
52398
51865
59738
35912
48240
51464
50400
54471
59714
47843
54702
38752
24856
45586
34994
48316
44400
46311
18170
2166
1977
6127
47353
4298
26614
37813
7079
28412
44334
59424
27542
39294
42424
29888
46484
31801
30982
15299
30221
8996
40945
17487
19680
4766
45474
37046
15730
48042
15907
33411
17531
8630
42798
3962
52260
48364
25814
11157
52076
20197
37787
49508
55238
57920
47650
5886
17724
56508
48667
48510
45207
59301
45064
47895
22799
40371
24611
38302
57076
27917
34680
21148
52530
42071
6177
38362
11938
54879
49248
53061
48343
8624
8331
37515
53370
37057
48655
23034
50533
38173
45916
23937
49146
38441
52396
48222
54772
58088
48562
36075
36439
49676
19242
33444
43716
42728
23214
40450
56334
33749
25332
43081
10972
14089
34446
6584
6503
49431
29542
47242
43511
3340
55678
36620
53224
47009
35650
28098
36721
43518
59489
56188
23462
41688
30452
34442
45364
32628
17854
45243
41812
1492
50258
6528
52126
27831
5622
53651
49955
20165
56106
49717
21014
27400
30759
49289
45578
33132
32280
55463
59507
26798
51146
18605
54842
24454
21325
18638
4437
54279
56947
51568
59410
2899
44056
16517
33264
24405
36294
26161
14590
45094
27275
32911
43827
33122
50612
40807
11019
24670
32888
3674
29382
34114
52901
49514
34884
37348
59796
59894
21198
46923
46457
29712
39356
15711
9531
12870
54638
42808
33250
20456
32918
44387
41802
51336
35550
16092
54398
10034
43112
22420
31402
41212
34068
34443
36658
45091
57562
20583
48557
7765
50212
8896
29685
33316
24278
43498
47586
26200
51712
45630
34052
33349
36924
35412
56882
34838
37292
10781
39116
32596
55258
24721
49768
51020
19303
27534
10191
11966
44016
37666
56103
3469
33877
38133
18126
32992
28778
46204
16224
16508
34251
7642
46304
39296
12739
35239
53624
47598
48932
50174
46660
55045
23215
56134
36644
47648
57931
8628
59363
41544
30501
36484
39863
51377
53543
11406
34266
33192
41231
48640
43281
9283
54280
42978
32744
51622
49546
37440
35598
43050
39368
46045
8797
36712
48940
57092
57841
46786
35957
48259
55526
24799
15946
19071
28876
42600
35717
38272
24044
51986
2281
28258
58599
34642
18344
45633
19757
34754
6367
44958
19712
40264
53664
30148
21580
53169
42693
32447
25988
4247
17612
33146
19721
52982
7828
37932
14370
30266
26695
40494
14866
4980
51670
47831
32847
8459
24445
17613
39336
41945
40159
26151
44190
13838
18834
46439
27652
46089
58726
41293
45399
7061
47032
40806
31310
52754
26544
24704
25875
7672
31015
23884
51608
4057
41492
28953
59778
28938
42986
30774
54698
53776
21579
6872
32644
29073
12895
4074
40805
35143
19860
6403
37089
30950
35806
14080
32548
18904
39283
40980
39102
21922
33697
34465
32064
7918
52690
53302
53099
5388
53706
37602
37592
55628
45356
6905
18089
26686
22336
57388
17664
34918
40094
37944
6830
51746
4350
57449
39692
7606
59853
28104
46383
21450
39044
37849
45432
39700
41070
36663
23675
51786
43409
17503
49354
53192
21937
17305
12833
6660
16717
43227
51073
52475
52958
32402
44680
45901
42394
40185
22607
23628
58904
20111
9484
27058
29316
49299
32014
42271
47746
59384
29048
13813
56610
26338
48495
23088
37198
54185
50091
7605
47534
15097
45120
37747
55654
44639
47319
40594
58262
50777
41528
40417
11780
34626
16300
25486
39338
25277
44064
52740
32041
27675
41754
32479
41172
32082
17878
45937
16406
44952
17156
23336
46739
15738
59956
49680
51998
35969
18612
39999
53140
5969
42273
52368
39066
56061
27936
18245
45083
34872
30278
35494
28378
41048
54544
28971
42852
23237
32195
32922
19753
34998
56368
51255
13510
36554
58255
23038
54768
59464
33606
59141
46944
29905
11790
31630
40282
51119
29640
45305
56563
39151
46579
45182
17646
12449
27512
1793
48758
11810
6369
11602
52218
4052
44916
39347
34786
27610
31985
40062
58800
48865
32084
44401
28423
38816
47127
7566
8451
49844
55794
45676
27870
47852
54861
57703
32394
34509
9130
50274
9402
57330
56306
55335
12387
39562
38470
34370
14881
46608
52274
25752
20973
4656
8579
58941
1812
29184
4604
25086
39820
26440
51156
31002
52788
50392
34399
24616
52473
59174
34967
38990
16347
44514
13150
53026
13943
37143
48582
3920
47693
25595
41503
22098
43184
44283
19352
43058
57778
48122
1681
44084
15666
21078
30788
16261
44898
31391
23327
51903
49842
45876
32237
24042
56570
35662
47546
9657
24393
18971
16820
19755
47574
57540
36285
56905
55158
17160
19169
18693
47394
7929
27279
29765
41891
31924
57386
28795
49385
12425
22347
56553
34953
17883
59107
47443
6477
24549
58401
31427
52414
28764
53322
37145
48645
40280
39780
55229
30308
52928
57998
2822
56728
45047
58102
36704
45150
59168
28726
54189
33176
42862
10596
18500
50223
27226
6287
45840
57599
59934
44863
23000
25818
39267
28787
13979
46219
15770
56888
55998
38651
42832
55334
39744
46065
18389
29504
54030
24296
35282
13439
21031
2974
7894
27566
2551
24643
47488
48836
12624
3092
9278
45475
59583
21332
19179
28640
40078
51653
52291
11182
46806
53652
38910
32311
28043
46747
49483
38106
32253
23359
31124
2905
46889
10423
7072
638
42466
39871
11718
43376
58554
26952
51016
24507
26354
38815
22080
38749
31918
37265
6377
30998
21461
46857
43660
20864
53172
44476
15217
54070
38730
2540
58729
44752
45157
15796
44824
6233
52430
37805
25917
6501
25661
18613
33456
2710
35750
24524
6741
43780
26603
44950
39541
5179
40360
49628
59688
14598
51395
46176
36699
13726
42446
40879
34506
44197
6809
50814
20026
28558
43470
55614
10333
20933
36681
5238
52529
34761
13790
11421
51312
36857
37392
28793
36067
38866
21709
51030
15603
45962
49866
48345
52822
24040
47948
52422
29886
20295
8668
34528
33158
3525
27969
43384
52734
46822
27100
39910
38566
46171
55736
7068
32956
57957
54120
38046
29220
3427
53845
49256
55200
31326
35694
39396
52374
55909
36116
55630
34087
50608
42179
59202
7196
46709
15886
54193
40208
31162
31533
29177
33932
31908
44133
25327
6118
38765
34218
35616
29101
26165
57464
59026
13848
44546
50821
29610
27402
43198
44423
43138
21965
43300
51817
22235
25531
4888
34371
4436
31308
37210
52421
36880
9681
49704
10506
31549
10235
48296
40672
53889
35295
51906
8864
54014
4918
50422
56222
46593
17089
41214
23997
51398
48332
20586
34131
34779
35032
31130
57368
28230
24614
30286
47011
44194
27434
47283
42082
16504
39840
16062
41112
27970
33170
30971
6122
6900
41996
55178
59885
41966
35728
46505
29633
23780
19221
59683
55445
31140
22319
54820
27143
38222
59232
55014
29665
48392
692
18631
43476
32404
55798
28015
1807
35042
18060
11979
33604
24635
43146
37262
44754
28274
7207
9461
5880
52066
30474
56538
46583
36871
55422
56492
14246
1128
31978
37610
40610
51850
42756
46096
17355
7089
6497
18889
58480
30161
39830
58614
44994
46175
13821
27424
12127
48143
13694
18241
46667
17916
5634
34229
40146
15281
55552
16295
28410
47091
30589
28392
16400
43529
31702
30088
4043
33977
27628
6937
30910
29771
24613
44277
14366
53782
44254
55256
15377
49069
14182
22301
41944
49093
44516
29439
17267
48935
20748
16557
32158
38627
4410
39078
7237
23952
30040
17090
7104
46277
23477
23820
34368
29052
36887
27476
42396
30936
55776
44565
32546
56292
40240
26050
41488
37528
47912
23539
59468
51367
5080
57538
34976
43566
28806
10263
52772
51518
34883
49255
48806
33612
23837
45280
19629
6
5
82
690
742
979
310
231
1000
577
822
713
725
702
836
819
687
798
667
673
490
567
799
154
654
590
712
680
711
453
189
787
515
232
754
981
603
867
685
842
639
914
637
404
721
734
897
999
488
498
522
716
494
911
883
718
805
415
947
814
849
568
996
570
875
331
620
701
800
313
210
980
487
9471
1290
6848
9240
6218
5508
6221
8906
9688
6474
6116
7472
8430
9025
6924
8861
5840
2078
8616
8658
4949
9592
6395
9239
3280
7547
5167
9304
8690
9582
6944
7717
6163
9689
6635
9629
3645
5941
7707
6219
3902
5727
7488
9785
4977
8250
7087
8111
6157
5028
4921
4252
7203
4384
8336
7693
5646
5506
4390
1761
8815
7711
6711
8435
7788
3531
6663
4978
9048
8238
9788
7613
2512
5486
6237
9282
9112
9263
8090
9478
7945
6904
6586
6759
9141
7505
7681
4460
4880
8051
3319
4719
6459
1805
8172
6582
9508
6348
7294
8806
7032
4541
3798
7106
7035
6751
6024
7898
7119
4362
9018
6653
3894
7300
4717
3802
4199
1976
9690
5047
9612
6457
7013
9539
3854
1906
6796
5652
6549
5081
5693
9086
6235
4987
8944
6671
8462
8890
5779
5818
6783
6475
4931
9340
6725
9464
1674
6066
9474
6568
8197
4507
8626
4464
3313
9260
6125
7048
6773
6623
6463
5200
6346
2557
4718
8362
8661
6411
8688
1532
8211
5289
7883
8868
8627
6094
6633
2419
3852
8631
7810
8163
6793
9447
6169
9523
9894
9684
2726
5722
9514
4495
8093
6556
6382
1206
7877
6691
6312
8196
7490
4703
6721
2959
4465
6215
9191
7784
4200
5074
5792
8156
8694
2717
6366
5980
7845
1336
3912
2347
4419
3773
6644
8685
9434
9591
8998
9445
6151
4733
8445
1599
6344
8527
8202
6559
3532
3017
9892
9596
2074
6649
7254
4159
6495
6012
6936
4377
4445
7568
6996
8397
5541
4630
6654
9520
2450
2984
4388
8311
9094
7479
9522
1425
6329
7088
7675
9627
9851
6174
7687
8869
2746
3279
9512
3341
9194
1849
7542
8913
3491
8269
6602
9014
6375
7074
6845
7763
8174
7588
6799
6480
2165
9673
6167
2502
9407
5448
3391
6431
6295
9553
8629
9588
2138
6449
6243
9998
5261
8029
6271
5296
8263
6699
6819
7268
9571
7814
4405
5246
8879
2997
4985
1711
9973
7284
1576
9444
6161
5938
9451
9524
5466
6135
5782
7876
9746
4973
7117
8087
4747
5835
7936
7591
1983
5829
5560
7224
5525
5827
8312
4697
5982
7218
4041
6648
3289
2889
6662
6527
6887
7664
8188
4319
4836
5446
3869
7478
5225
8302
5183
9140
2453
6179
6729
8709
5199
5150
9565
9937
6120
4130
5789
7571
9532
9104
8648
4447
7992
1308
3560
5048
7377
6131
8639
9655
4332
5135
4555
6364
3244
3441
7354
9492
9507
7923
6744
7799
4412
5236
5044
5834
1084
9324
5749
9729
8184
6229
8821
8122
4892
8266
9311
4983
6966
7813
9654
8395
7401
1494
4890
8730
3208
4841
6389
6581
3720
9008
6707
6379
6696
9085
5024
9214
4103
6350
9966
8660
4735
3216
