17135
34797
30211
4020
22147
23291
18263
15316
5687
57
55589
26156
51491
2444
22203
26036
4003
14170
5854
22514
2409
11085
2543
13644
14775
36299
9606
1698
589
24538
16921
27265
17948
50203
20893
31395
9882
25247
56513
6438
59041
53623
31347
11721
4832
10027
16991
12577
41769
17964
55963
20618
16590
57673
32831
3712
49123
5686
10072
22005
12195
13205
10762
2135
38255
15380
42607
59991
20619
364
22526
22123
38813
16852
43967
7875
40639
53041
31315
9956
17470
44267
20326
22859
5440
10400
21662
11904
22870
5511
44985
38585
1995
26845
6886
5340
14280
10866
4218
19995
3219
13243
5182
13380
38929
4780
15704
46458
54387
40861
50459
35651
45891
49421
12309
55081
44337
21491
27551
43897
49197
53147
32879
58431
222
5439
27931
3332
46940
8136
56593
24712
9711
25381
23886
39147
54163
25754
31649
2446
9038
441
7145
54219
2308
58145
16340
20396
58151
31089
33193
1973
16681
610
24935
1963
51639
20400
25611
46164
13566
36319
8456
14678
7029
23284
16708
47216
10343
1422
52013
37639
55601
3303
41957
34219
2516
17006
47939
10868
37353
14109
9338
8772
6388
43175
8168
1992
54975
27317
19455
3830
21673
19420
17025
41993
3693
6999
34607
42681
4695
3586
2800
1543
52949
2694
11428
17209
4552
17591
57021
17806
41259
56893
4328
242
1139
2508
25677
6810
16037
14078
40933
27625
5745
34577
11690
17004
16325
53187
1520
23947
56565
3716
19985
11903
359
54603
48881
24426
9072
1870
8893
4256
7075
16929
26060
4811
19750
17234
11039
28879
17134
59001
34955
56925
28567
40085
4785
23949
18437
38105
1482
19051
8304
243
15189
22827
1975
3858
17363
36873
52659
16907
15091
28481
22144
13236
46318
30017
16114
25038
41361
7028
21954
29745
3153
3799
199
29435
21235
9419
26308
1345
48257
46550
11550
53345
9244
21457
34133
352
23
5090
6306
17020
1581
28449
22264
34225
15012
4009
27559
15674
17469
31939
51841
5241
11935
14460
11927
26611
34017
33875
8365
3787
2184
19308
14836
7526
13629
44997
56275
21411
53693
23893
21
15446
8940
5396
38625
4961
20725
17169
55881
13908
20801
826
11575
44525
43683
9364
16506
16546
15435
24978
39433
23728
55737
212
33119
36771
23340
1481
35251
11816
21927
1322
14259
57633
32191
17706
15004
5902
2038
23765
1205
43429
13192
8078
34091
4291
58509
1667
4675
10639
13207
88
21037
12380
12713
4082
3695
5527
993
58835
50365
35061
1193
18502
56027
23700
11210
21757
12374
17633
4060
19972
35549
29285
27253
20296
38051
23073
59163
16628
2560
12224
540
3718
7598
40377
22133
25592
31341
52817
16229
59085
25701
6400
6562
29891
5710
11014
15322
53643
45643
52525
13688
19655
9346
3602
42017
44181
42699
21318
8032
33973
42951
15313
594
1911
13793
17859
20246
48247
9129
35035
8068
28351
2902
43293
28409
9040
58999
32015
6885
2196
12179
52937
20243
34419
19274
7358
18236
49567
12872
12500
12198
56069
27255
30617
13675
32961
31627
57763
21392
13483
43209
12385
11645
41387
12667
24536
5275
1853
26688
35545
2227
19542
4026
12096
17836
23800
43915
56751
18905
51779
19767
33583
23369
48741
646
6778
17750
52589
43651
13961
8139
55151
16658
40833
42501
38381
21875
7721
20777
9816
4031
20414
11191
53429
24476
19831
14471
15258
33873
41021
13251
39497
25834
15980
23533
44615
18789
14368
266
4895
19370
31665
3346
16484
51643
15909
4693
12890
5158
18850
6734
12166
35799
25053
28985
54527
12269
13055
24038
19327
9305
3653
30077
32429
1834
16247
52861
47196
41011
54127
44887
8956
524
55301
3608
8124
2405
53857
11
58029
8208
11842
284
5088
1991
16058
12149
6058
2432
44317
18123
33675
22942
13099
1672
38461
36685
12402
6090
11653
4678
4557
3538
44503
53089
31415
418
9058
29247
11819
44741
11484
26120
15274
8059
5992
44977
50241
8591
7301
6045
20828
955
9928
4479
15651
5119
10620
962
2407
23212
47757
10428
59643
7823
41657
501
3984
4149
4954
2763
54987
28238
24114
17192
11557
53443
9119
24472
14664
9079
46780
1844
23669
51099
49551
43479
56011
14236
28845
26461
7230
44833
14676
31563
23725
22378
10137
11285
17620
48479
56519
59849
1751
2178
59957
19344
3520
42541
28713
10086
29071
24609
11719
4497
10746
42383
5624
42729
58813
26269
39005
3903
5674
11577
29553
20795
973
15349
12295
52875
59669
18494
53451
24846
3688
20432
18906
15820
11962
7396
41195
47114
21067
28123
7962
27799
53589
14635
17428
3421
33615
10771
4305
57211
26085
16326
1025
19955
21641
32793
57059
59715
23288
9089
8577
23806
50169
11088
49319
13720
15232
8373
38225
37249
48059
51475
47761
10598
2887
12672
15544
5050
7746
33125
35891
34193
50413
2906
332
41179
49611
22052
53379
23804
24672
28323
7266
31117
26704
23117
14972
55969
14897
20365
24980
1060
991
464
13484
5274
16464
21873
16528
55659
4489
21035
4470
24132
35317
11861
11209
38321
22380
13215
29679
57731
45417
33953
12793
24223
8713
10790
43799
8372
19999
16366
31679
40653
963
10420
24802
26089
13638
9080
21971
4759
3024
20002
52063
27201
43703
15381
46066
11333
54133
19102
17657
15404
33007
196
512
10566
9039
22588
7770
13805
704
26222
18746
54609
3388
19577
54619
19111
24276
19543
373
1109
3178
46296
20839
45665
3131
11885
14308
13214
21622
24632
19956
53903
19945
22600
1379
13065
3220
25691
5562
9200
38143
55559
8206
22332
24696
4592
35633
24885
26722
27157
39417
20327
14326
58935
12955
11173
1023
1535
4002
25426
20739
871
28683
7888
32133
24033
25682
9803
12983
15551
3529
12786
57861
3348
4754
444
56871
38989
51141
8742
12286
16684
32909
968
37847
18207
1754
33353
31145
19166
7637
19461
9150
11456
7633
14445
300
26291
35057
11139
45007
50525
15821
1404
21963
40297
26396
39079
38987
41437
33593
19909
8046
4028
17218
43831
17639
959
12681
9041
13436
5524
15063
42919
27395
12125
16637
52743
1734
52557
50061
7906
14958
23231
15084
7287
53043
17451
22066
8409
11327
7934
35729
12650
3359
7663
53947
19372
6863
44051
26263
9400
37251
13627
10155
16893
20311
3177
44185
37731
39909
20034
46938
54215
47825
16215
20862
49941
1245
19768
12848
58003
7015
5341
2666
3335
29753
23508
5981
55253
25322
20436
48563
39771
23549
5445
29617
23453
28533
22222
31
1
49
43
7
41
32
46
37
39
15
30
42
18
3
44
50
25
36
38
16
33
14
9
47
45
34
29
24
4
35
28
13
26
10
48
8
17
2
27
19
40
22
20
12
65
53
75
55
99
51
83
77
87
71
62
81
63
74
72
60
52
70
91
56
69
66
67
85
61
98
54
84
86
79
58
89
78
96
76
93
100
59
80
64
92
95
97
73
90
68
94
908
691
484
216
847
440
569
656
948
383
157
218
185
295
437
834
607
953
516
410
510
722
381
173
790
735
824
122
374
403
572
668
525
609
748
131
760
950
351
920
166
956
556
852
881
839
133
659
783
941
476
974
723
150
755
239
808
509
846
856
237
574
301
491
863
186
147
530
443
431
523
987
538
144
145
536
934
591
215
465
455
922
731
426
483
356
771
202
200
756
292
635
866
982
101
943
757
518
617
408
321
319
193
812
162
344
675
753
207
566
406
428
380
929
500
907
663
861
135
539
208
244
169
412
141
508
279
140
391
726
305
773
190
641
323
327
650
315
893
221
386
389
463
803
627
289
287
945
378
838
672
368
565
997
602
733
596
353
470
521
744
768
547
111
325
835
576
183
884
195
114
827
709
698
645
473
282
537
928
479
387
776
724
269
401
235
621
462
333
766
225
161
765
942
117
932
662
652
543
178
786
745
671
153
647
280
116
336
274
770
581
112
502
544
599
633
593
978
708
234
375
165
693
890
818
247
442
837
296
250
940
425
951
148
873
648
857
264
913
205
358
256
438
582
204
758
855
657
485
355
187
396
699
796
931
823
217
181
937
977
990
694
302
749
552
179
640
868
346
541
630
229
277
531
427
107
312
409
848
560
137
714
562
706
779
781
995
388
506
909
802
121
661
888
422
676
316
354
994
618
233
394
432
629
674
188
788
342
710
905
160
241
583
275
720
423
198
549
448
658
102
608
879
379
471
245
542
605
411
392
258
660
625
784
456
182
705
138
335
751
263
449
688
132
328
778
504
255
830
337
970
921
429
495
291
820
545
532
655
226
895
557
859
206
348
330
989
841
597
168
930
393
167
924
424
976
631
880
986
946
553
535
972
619
151
689
686
915
651
903
614
324
113
320
433
149
164
817
759
938
126
376
559
679
482
678
156
845
129
253
933
363
554
763
636
904
571
407
246
261
267
262
109
311
967
966
402
717
912
520
341
825
666
492
887
369
961
128
366
259
551
475
238
397
715
496
139
486
730
958
257
585
493
584
969
367
975
865
896
965
477
832
297
130
127
252
248
558
878
349
833
695
732
421
294
511
670
563
136
782
902
152
384
628
886
398
683
360
118
223
119
916
314
750
281
939
345
634
844
299
228
499
371
952
526
919
792
949
507
170
598
740
643
191
918
632
123
795
454
917
575
964
550
821
399
777
573
318
134
615
780
882
467
519
460
110
361
334
322
192
900
309
220
604
213
677
459
809
804
219
872
578
338
357
957
329
864
452
642
984
400
142
283
514
436
362
472
435
707
124
664
184
439
653
899
180
665
497
696
936
474
478
772
347
944
774
935
588
298
146
413
612
451
622
176
236
767
624
340
203
746
927
214
260
877
616
891
546
684
580
174
528
103
816
529
303
481
419
308
813
739
445
743
480
988
395
703
858
230
450
682
317
268
240
458
747
761
586
681
306
270
860
466
623
769
998
417
249
828
503
143
115
446
853
727
992
789
272
561
271
752
469
737
251
644
870
785
700
285
430
307
172
851
592
595
626
290
224
108
382
793
555
534
669
971
807
600
527
171
517
894
175
901
601
764
343
288
489
414
587
533
960
434
810
372
719
390
738
983
606
831
106
159
741
370
862
286
278
227
954
405
906
889
869
326
843
254
885
876
613
854
797
457
105
209
293
265
729
925
211
892
829
104
728
120
385
201
791
923
910
513
505
736
163
125
762
420
447
815
564
806
840
898
801
416
794
197
468
194
649
377
155
579
276
304
811
775
158
350
926
177
339
548
611
697
874
850
273
985
365
461
7808
8970
5456
3678
5872
2577
9615
1213
5331
8871
1014
1875
4787
4845
1468
9825
9376
5762
3365
1703
5540
4342
4539
5055
3828
8773
8344
3068
1298
3968
1908
3420
7128
1952
3578
8133
7724
4290
8402
7069
2221
3339
5612
1151
1181
2486
4908
8045
7719
8504
9291
1666
1236
1542
8769
8079
7389
5877
5477
9912
8037
3336
9919
8220
1356
1391
4034
5262
6835
3576
3701
7728
8413
7964
4472
6986
5405
7159
9216
7459
5951
8410
5705
8920
9970
9646
5533
2555
2584
2481
3141
3526
6606
4578
3809
8715
4242
2585
8479
8213
8096
8296
6977
9634
9854
7070
1696
3965
5271
1005
4610
8014
5038
2059
1555
3893
8067
1632
3117
4243
3269
6877
3508
2010
9176
3980
8872
3467
1527
7351
8407
5973
7804
8972
4245
1475
1076
4250
5659
5126
5407
1043
1964
7552
4577
6078
1229
4006
8353
1255
1558
4486
2513
7379
6814
9315
6566
7827
3209
7833
9812
4763
8921
9164
3395
8942
2679
4219
5277
3403
2870
8057
8563
5114
3214
9759
3514
4027
3170
8299
8216
1401
3937
9397
7498
8127
8975
7066
2163
7501
7166
3413
1350
2159
5677
7522
3399
8088
1999
5846
3321
7426
1339
3785
3088
2248
9393
7197
8326
3846
6538
4964
3041
2108
2236
8400
5025
5568
7863
1179
7567
5655
9946
1913
1869
1643
8847
2090
1663
7348
8101
6608
3328
2989
7470
3206
3591
8338
9134
2295
5752
1261
8756
1951
6847
1557
7504
4195
8751
2689
3352
1293
1155
1616
7307
7118
1235
3782
3035
2317
1765
8516
8363
2073
5515
4773
5589
2456
5363
6935
8214
6736
2537
4503
4969
1712
6200
4325
5004
5316
1069
3489
2688
3630
3951
1102
3868
4636
5155
5703
4186
3474
2790
5258
1108
8120
8301
5978
2071
4213
3270
1500
8555
2994
4067
1902
5961
4030
7703
8816
2427
8559
8532
4879
8931
3759
7406
3621
7446
6616
9868
4517
6060
5357
8209
3673
3742
2986
1292
6564
3945
2031
1998
3116
2013
9479
4097
2252
9733
5532
6843
3254
6220
2237
9738
7286
8425
4587
1260
9255
5154
3671
2827
7599
7453
6164
3740
1138
8977
4474
4062
1300
2014
9949
2476
3971
5627
7014
5443
1836
7369
8771
1067
6276
7644
2346
9182
4645
2145
7670
5455
8885
3873
1573
1691
7698
2040
6186
1650
5298
1223
4570
8716
1935
3163
2670
3672
1428
3438
3664
1548
9940
4625
3134
7966
2794
8748
1443
6418
9833
6384
8073
2939
3386
2150
4167
4792
9781
1184
2463
3780
5838
3958
2348
7955
3207
7625
5807
1916
6208
8572
7405
9098
9847
3344
1436
6152
4123
5522
1889
7408
2213
2044
7661
1034
8412
3964
2916
2541
2361
9365
2817
8454
3291
2599
1591
3311
3050
2996
8519
4823
9052
1661
3941
4668
7996
3953
3249
4659
4865
2723
9300
4144
1191
9317
4538
6021
7415
8117
6091
1603
2510
7577
3810
5715
4802
8060
1598
7316
1318
8578
9118
8187
9641
3281
6610
3656
8905
2774
1986
1688
1785
5742
9718
3130
1094
1610
7984
6752
2445
8473
2126
3096
8846
4143
2807
4240
5625
8233
2556
3143
2304
2048
2262
4998
7373
8919
4525
5799
1876
8853
3367
7752
1740
3079
3711
7417
8083
8978
7257
9950
7381
1708
5699
9871
8129
2423
4118
4744
2686
5657
3181
1941
4691
8349
7556
3974
6196
3115
9644
5708
1501
2490
5310
9727
1797
2277
2141
7275
3061
5767
5976
7543
6390
2581
5009
5656
3440
7983
2204
8935
2401
7516
2335
9316
5565
3836
1504
2672
8588
5494
9806
3078
8601
3983
1320
1055
2525
2973
6086
4161
5639
2742
3986
5093
8643
6878
8494
4532
3904
1822
4129
1752
8450
1729
2326
6088
4038
4682
8727
7221
4500
6082
5905
4053
3227
3485
3754
8809
5893
5647
1526
3496
8965
6100
7908
1171
7457
4582
5619
9958
9732
1981
1714
1323
4905
2121
5878
3595
8960
3466
7099
4229
3470
3166
4279
5664
1200
4651
5736
5058
2652
5056
8103
5273
2462
4194
7222
2360
2095
1958
2579
5129
9830
2147
4945
1485
5269
3603
5255
2559
1282
9310
4589
3615
8167
4171
3351
5733
1033
1915
3020
7141
5330
8131
1080
7671
7669
1521
8506
2487
8511
4355
8573
9736
2398
3446
9095
5276
1961
8565
9465
2804
4562
4260
6262
4648
2813
2841
5658
2582
4473
5449
5988
7968
4647
5156
8179
6456
3696
8483
9288
5095
7113
1185
2019
8635
4064
4076
5871
1770
5232
8109
2714
6554
4826
2379
7759
5999
9077
5346
5909
4839
1334
9005
5484
3536
7762
2786
2397
3383
5406
4335
6827
8417
1409
3543
4098
5616
7970
1493
1677
1168
3450
5559
6442
5607
2290
4070
8711
8939
5542
8844
2580
2785
7006
